{
  "0": {
    "R": [
      [
        -0.02421479256975434,
        -0.9008648845895209,
        0.4334236997838411
      ],
      [
        -0.9859537770124469,
        -0.050146435883600016,
        -0.1593125373693554
      ],
      [
        0.16525372436255117,
        -0.4311934538947471,
        -0.8869968499958861
      ]
    ],
    "t": [
      -0.0235893619552134,
      -0.14083186188828373,
      0.45712692224974855
    ],
    "center": [
      -0.21496684406720823,
      0.16879709270527202,
      0.39325804735813696
    ]
  },
  "1": {
    "R": [
      [
        -0.9057703878618225,
        0.4231147055995946,
        -0.023536150450150395
      ],
      [
        0.009995417964848485,
        0.07685601376625106,
        0.9969920986485649
      ],
      [
        0.4236509130078108,
        0.9028106662270502,
        -0.07384310972811259
      ]
    ],
    "t": [
      -0.07644335714913963,
      0.15322518614439026,
      -0.3070644857615671
    ],
    "center": [
      0.05931647071247091,
      0.2977891245046202,
      -0.17723807877038725
    ]
  },
  "2": {
    "R": [
      [
        -0.9276271109114531,
        0.36311564348362185,
        0.08749270003575146
      ],
      [
        0.12259406171770404,
        0.07472921717606051,
        0.9896394495632281
      ],
      [
        0.3528153045626373,
        0.9287424689103696,
        -0.11383666943759818
      ]
    ],
    "t": [
      -0.041105748452680786,
      0.22881674562232995,
      -0.2699227702609748
    ],
    "center": [
      0.02905050348413528,
      0.24851558409044477,
      -0.2535767344412957
    ]
  },
  "3": {
    "R": [
      [
        0.4595828927096067,
        -0.8029921638064325,
        0.3794563869460277
      ],
      [
        -0.6566903965279277,
        -0.019588341592612246,
        0.7539058429151773
      ],
      [
        -0.5979475627817734,
        -0.5956675933262734,
        -0.5363197091513816
      ]
    ],
    "t": [
      -0.021771251666287808,
      0.045224433390712096,
      0.5714849691572772
    ],
    "center": [
      0.3814221903888098,
      0.3238188033653577,
      0.2806649283636134
    ]
  },
  "4": {
    "R": [
      [
        0.32297082352805545,
        -0.912308683936372,
        0.2517592349128316
      ],
      [
        0.9416053113119508,
        0.2829856908222563,
        -0.18247886589677817
      ],
      [
        0.09523279297980111,
        0.29599318236090333,
        0.9504308239620237
      ]
    ],
    "t": [
      -0.08637876442619981,
      0.2025244704356903,
      -0.24660323689228233
    ],
    "center": [
      -0.13931558134370892,
      -0.06312274720012533,
      0.2930824049573401
    ]
  },
  "5": {
    "R": [
      [
        -0.00017224491086720306,
        -0.6954643246446433,
        0.7185606052924558
      ],
      [
        -0.9963840291798787,
        -0.06093223957731564,
        -0.059212571092318034
      ],
      [
        0.08496373771769261,
        -0.7159725101752598,
        -0.6929390506721184
      ]
    ],
    "t": [
      -0.015862183375885918,
      -0.14719288903139238,
      0.3178300406702788
    ],
    "center": [
      -0.17366740423440039,
      0.2075571970003664,
      0.22291911733892528
    ]
  },
  "6": {
    "R": [
      [
        0.897794022841477,
        0.4351454581401902,
        0.06792880692373152
      ],
      [
        0.4296222586095105,
        -0.8313745296744386,
        -0.3524785189424586
      ],
      [
        -0.09690514670222877,
        0.3456368349417785,
        -0.9333512580342137
      ]
    ],
    "t": [
      0.2667862264656593,
      -0.17468951202346342,
      0.0644641878414501
    ],
    "center": [
      -0.15822166520657224,
      -0.283604423491067,
      -0.019529039720336573
    ]
  },
  "7": {
    "R": [
      [
        0.8893225427681859,
        -0.41521947140704435,
        -0.19156775691327288
      ],
      [
        0.2568168176210572,
        0.8001386998797286,
        -0.5420545942446852
      ],
      [
        0.3783523980515001,
        0.4328635483835897,
        0.8182167264053253
      ]
    ],
    "t": [
      -0.0003517804909887229,
      0.05925170036523701,
      -0.32823783027515957
    ],
    "center": [
      0.10928558341013364,
      0.0945265473212124,
      0.3006199495703295
    ]
  },
  "8": {
    "R": [
      [
        0.8918140131078269,
        -0.44284183979336045,
        0.09251416622844567
      ],
      [
        0.45056134244558554,
        0.8509863959268993,
        -0.26984556813292015
      ],
      [
        0.04077061096113989,
        0.2823353659671036,
        0.9584490066801035
      ]
    ],
    "t": [
      0.03480245868524266,
      0.15472308144391608,
      -0.192068964277056
    ],
    "center": [
      -0.09291879060854517,
      -0.06202739129107181,
      0.22261992539296505
    ]
  },
  "9": {
    "R": [
      [
        0.2384626318151618,
        -0.2259997049502001,
        0.9444891246542803
      ],
      [
        -0.9623655743278174,
        0.07553404291161225,
        0.2610500138098377
      ],
      [
        -0.1303383081694568,
        -0.9711944922227724,
        -0.19948228918797428
      ]
    ],
    "t": [
      0.1755928122465437,
      -0.046154680007931485,
      0.20972260302892237
    ],
    "center": [
      -0.05895511000620167,
      0.2468516102956979,
      -0.11196087673419206
    ]
  },
  "10": {
    "R": [
      [
        -0.49507836673982225,
        -0.49656457475922267,
        0.7129663623765307
      ],
      [
        -0.8619451854347389,
        0.3839343613150722,
        -0.3311267182023544
      ],
      [
        -0.10930648696259448,
        -0.7784715982589089,
        -0.618089041006323
      ]
    ],
    "t": [
      -0.03440797540486234,
      -0.05759958758892012,
      0.38135266693893966
    ],
    "center": [
      -0.024998011154647615,
      0.3019008993299761,
      0.24116887084651056
    ]
  },
  "11": {
    "R": [
      [
        -0.8047680198027115,
        -0.1490831598263609,
        0.5745630041683942
      ],
      [
        -0.5220960059786967,
        0.6383197831647194,
        -0.5656532639008095
      ],
      [
        -0.282425556286812,
        -0.7551967067438349,
        -0.591535070202394
      ]
    ],
    "t": [
      0.01196643745236079,
      0.052191324299972065,
      0.41256811929433984
    ],
    "center": [
      0.15339886873429145,
      0.2800393244956078,
      0.2666952320958102
    ]
  },
  "12": {
    "R": [
      [
        -0.846299353139578,
        0.470337395159031,
        -0.2501202502608478
      ],
      [
        -0.2755844729511802,
        0.015260423814415724,
        0.9611557198150698
      ],
      [
        0.4558844186235716,
        0.8823547212884522,
        0.11670279635135672
      ]
    ],
    "t": [
      -0.041037854502550236,
      0.28117414536862345,
      -0.4986909909421535
    ],
    "center": [
      0.2701023714176427,
      0.4550331512874894,
      -0.22231790336533408
    ]
  },
  "13": {
    "R": [
      [
        -0.4907635756064557,
        0.7791365330756139,
        0.3899966354789222
      ],
      [
        -0.1780673747288664,
        0.3484698307611298,
        -0.9202503937008008
      ],
      [
        -0.852902762872261,
        -0.5210710506986759,
        -0.032277503135183516
      ]
    ],
    "t": [
      0.2122007424494109,
      -0.0739305425603336,
      0.2743946976532364
    ],
    "center": [
      0.3250077732307622,
      0.003408346278290064,
      -0.14193541078528027
    ]
  },
  "14": {
    "R": [
      [
        -0.1346250219006229,
        0.3037171590276754,
        -0.9432030485480921
      ],
      [
        0.1069625896250931,
        0.9507605582873755,
        0.2908837658340048
      ],
      [
        0.985106647982314,
        -0.061727207269047776,
        -0.16048253482486274
      ]
    ],
    "t": [
      -0.15840461290130514,
      0.1787520404324613,
      -0.8421645421020378
    ],
    "center": [
      0.7891768834932755,
      -0.1738246559942866,
      -0.336556480920253
    ]
  },
  "15": {
    "R": [
      [
        -0.18376648409608679,
        0.7164599682939001,
        0.6729895936455974
      ],
      [
        0.01282938657032573,
        0.6863390731273605,
        -0.7271685386063571
      ],
      [
        -0.9828862020413105,
        -0.12499516203029398,
        -0.1353178602617878
      ]
    ],
    "t": [
      0.2302408953340225,
      -0.14406669395348798,
      0.4782597878968585
    ],
    "center": [
      0.5142337936543325,
      -0.006299623693671028,
      -0.1949934027479901
    ]
  },
  "16": {
    "R": [
      [
        -0.042356761923802444,
        0.13323141062293975,
        0.9901794261358657
      ],
      [
        0.9990830720504265,
        0.011836624790591777,
        0.04114498093145219
      ],
      [
        -0.00623857849298215,
        0.9910142711066219,
        -0.1336106081170147
      ]
    ],
    "t": [
      0.2573346707802157,
      0.19183924950239595,
      -0.16031570615709625
    ],
    "center": [
      -0.18176362546424324,
      0.12231936227751161,
      -0.28412059789105437
    ]
  },
  "17": {
    "R": [
      [
        0.09474102451503474,
        -0.664190387833683,
        0.7415357489583245
      ],
      [
        -0.8875462981285926,
        0.28101032916893176,
        0.3650955540383914
      ],
      [
        -0.4508721625384218,
        -0.6927368357534558,
        -0.5628765134896079
      ]
    ],
    "t": [
      0.027765743637883637,
      -0.012679789540388231,
      0.13326300960026397
    ],
    "center": [
      0.04620012605855335,
      0.11432108746134309,
      0.05905066150436408
    ]
  },
  "18": {
    "R": [
      [
        0.9460226348892156,
        0.009691611810449668,
        -0.3239556249515987
      ],
      [
        -0.3239932167072661,
        0.0025557681310002106,
        -0.9460559516101248
      ],
      [
        -0.008340851571861263,
        0.9999497690933159,
        0.005557830987000415
      ]
    ],
    "t": [
      0.1136627457266916,
      -0.3154685932122463,
      -0.21088979560400298
    ],
    "center": [
      -0.21149621496921256,
      0.21058389178632975,
      -0.2604571644880639
    ]
  },
  "19": {
    "R": [
      [
        -0.3888765422667593,
        0.9193622968979552,
        0.05956510654036823
      ],
      [
        0.3949710119676836,
        0.10795746596159073,
        0.9123283867382272
      ],
      [
        0.832329823195032,
        0.3783095988547847,
        -0.40510358284574405
      ]
    ],
    "t": [
      0.1585716445727205,
      0.22514111743464865,
      -0.277744452535613
    ],
    "center": [
      0.20391556892666252,
      -0.06501706347637855,
      -0.3273632421985568
    ]
  },
  "20": {
    "R": [
      [
        0.45499702811775417,
        0.7630830092318557,
        -0.45900111702006496
      ],
      [
        -0.889639409027003,
        0.3669604664610832,
        -0.2718119533073354
      ],
      [
        -0.03897981926710886,
        0.5320191134501842,
        0.8458346390480728
      ]
    ],
    "t": [
      0.18165903373230718,
      -0.09009435672593602,
      0.7660534892682146
    ],
    "center": [
      -0.13294518419265922,
      -0.5131149531608351,
      -0.5890616002704269
    ]
  },
  "21": {
    "R": [
      [
        -0.4446115038195607,
        0.7596103316886679,
        -0.47467120690341125
      ],
      [
        0.8751383352147776,
        0.2554262523157824,
        -0.41096267940705067
      ],
      [
        -0.19092800975450577,
        -0.5981217046887253,
        -0.77832957124308
      ]
    ],
    "t": [
      -0.014198836460457784,
      0.073420125246423,
      -0.9595865970471709
    ],
    "center": [
      -0.2537776913719025,
      -0.5819174157852344,
      -0.7234414720959691
    ]
  },
  "22": {
    "R": [
      [
        0.4552594210735639,
        0.8743803437105022,
        0.16792222621341074
      ],
      [
        -0.5893183721192643,
        0.4372987385540982,
        -0.6793185331946237
      ],
      [
        -0.6674149502419495,
        0.21030650915199686,
        0.7143727713188944
      ]
    ],
    "t": [
      0.19667785675954677,
      0.12574781653746944,
      2.4183080586224532
    ],
    "center": [
      1.5985810039482828,
      -0.7355465394044558,
      -1.6751771910122224
    ]
  },
  "23": {
    "R": [
      [
        0.19539679134407195,
        0.9383801471114458,
        -0.2850662965689612
      ],
      [
        0.9012027638401215,
        -0.2864564092731827,
        -0.3252326921347868
      ],
      [
        -0.3868509692108416,
        -0.1933531098622839,
        -0.9016434453414587
      ]
    ],
    "t": [
      0.138657082083234,
      -0.10225683691525543,
      -1.2904841164935836
    ],
    "center": [
      -0.4341640361033582,
      -0.4089242965616027,
      -1.1572873504303134
    ]
  },
  "24": {
    "R": [
      [
        -0.542011711553912,
        0.4904051564302348,
        0.6824412700628794
      ],
      [
        0.5593036964039529,
        0.8166050235825926,
        -0.14260298260747623
      ],
      [
        -0.6272182074264695,
        0.30439943824900584,
        -0.7168949032225128
      ]
    ],
    "t": [
      0.45462934192505733,
      0.13379270762915024,
      -3.1909577095570736
    ],
    "center": [
      -1.8298431027515087,
      0.639117363552294,
      -2.5787599047321894
    ]
  }
}