{
  "0": {
    "R": [
      [
        0.1665184128680003,
        -0.3552454989458407,
        -0.9198218597395056
      ],
      [
        0.6086530559351548,
        0.7709486152137355,
        -0.18756249678659215
      ],
      [
        0.7757661217639755,
        -0.5286197765679448,
        0.3445983983487687
      ]
    ],
    "t": [
      -0.3148772649119578,
      -0.3794074478066124,
      -3.2489023677998494
    ],
    "center": [
      2.803748754811295,
      -1.5367891283494877,
      0.7587729527243076
    ]
  },
  "1": {
    "R": [
      [
        -0.48285791143146556,
        -0.25715803895309536,
        0.8370889919057836
      ],
      [
        0.14632873051721962,
        0.9187757022042714,
        0.36665939462158326
      ],
      [
        -0.8633864372303179,
        0.29953455900921566,
        -0.40600850725802873
      ]
    ],
    "t": [
      -0.04327729348493474,
      -0.10257548726887597,
      -0.2630355945962811
    ],
    "center": [
      -0.23298840759354375,
      0.16190301225174733,
      -0.03295747707702936
    ]
  },
  "2": {
    "R": [
      [
        0.25121355529154504,
        -0.1594174460317499,
        -0.9547134792902506
      ],
      [
        0.4990562484225559,
        0.8664665171778854,
        -0.013365459963254306
      ],
      [
        0.8293579507957863,
        -0.4730981425775621,
        0.29722640687104956
      ]
    ],
    "t": [
      0.07342475878247426,
      -0.054768764419081496,
      -0.373588151903398
    ],
    "center": [
      0.3187257035057432,
      -0.11758337267754475,
      0.1804078612350261
    ]
  },
  "3": {
    "R": [
      [
        0.6279532850025705,
        0.7578130598367634,
        -0.17718362846302294
      ],
      [
        -0.758078379999876,
        0.5441128584103629,
        -0.3595251967376805
      ],
      [
        -0.17604499888166092,
        0.3600841063603703,
        0.9161591535947287
      ]
    ],
    "t": [
      0.008282675618536623,
      0.08256179181987734,
      3.823156530797961
    ],
    "center": [
      0.7304347632181706,
      -1.4278575551649109,
      -3.4714692523494883
    ]
  },
  "4": {
    "R": [
      [
        0.3963669274902397,
        0.8969564086807158,
        0.19586337002752718
      ],
      [
        0.4861527645043848,
        -0.024081441640821044,
        -0.8735419702185143
      ],
      [
        -0.778812396124183,
        0.4414626655733105,
        -0.44560292475276253
      ]
    ],
    "t": [
      -0.04510369290586905,
      0.05929127483952421,
      -0.2733272834624919
    ],
    "center": [
      -0.22381768155819842,
      0.16254765691320758,
      -0.06116785859229818
    ]
  },
  "5": {
    "R": [
      [
        0.7058236224968276,
        0.31159020678037663,
        -0.6361796577728793
      ],
      [
        -0.4869734504322173,
        -0.43878994500033225,
        -0.75519549968253
      ],
      [
        -0.5144607589501813,
        0.8428374263196713,
        -0.1579721503785902
      ]
    ],
    "t": [
      0.05081144245628552,
      -0.09220326159946651,
      -2.754494479123685
    ],
    "center": [
      -1.4978437770750364,
      2.2653008256485054,
      -0.4724396982163053
    ]
  },
  "6": {
    "R": [
      [
        0.6955299369778274,
        0.6087586358845422,
        -0.381642542182618
      ],
      [
        -0.05956536041306815,
        -0.48048483320865903,
        -0.8749778813749
      ],
      [
        -0.7160237947208747,
        0.6313059862637441,
        -0.29793065820938985
      ]
    ],
    "t": [
      -0.01933486099515778,
      0.13327024269118692,
      0.5688472131371328
    ],
    "center": [
      0.4286944048545188,
      -0.28331205698733797,
      0.278706533727837
    ]
  },
  "7": {
    "R": [
      [
        0.744858000265816,
        0.6642560842829226,
        -0.06285231843877187
      ],
      [
        -0.024626792983526657,
        0.1215056815867494,
        0.9922851860274273
      ],
      [
        0.6667683859537405,
        -0.7375637083230564,
        0.1068629760833247
      ]
    ],
    "t": [
      -0.07857057504164337,
      -0.1283954821508892,
      -0.6204427082156749
    ],
    "center": [
      0.4690535355800368,
      -0.38982426158513056,
      0.1887689463778664
    ]
  },
  "8": {
    "R": [
      [
        0.6052750457959469,
        0.5754712396444415,
        -0.5499772461464242
      ],
      [
        -0.38872852146258297,
        -0.38923846280531504,
        -0.8350949381204928
      ],
      [
        -0.6946454171289326,
        0.7192539686474071,
        -0.011894244268807475
      ]
    ],
    "t": [
      0.0367113784081284,
      0.1788249272906162,
      0.6301360458520459
    ],
    "center": [
      0.48501498475799343,
      -0.40474865439857866,
      0.1770212064412452
    ]
  },
  "9": {
    "R": [
      [
        -0.21049032730620792,
        0.3285093247715426,
        0.9207472213635349
      ],
      [
        0.6615201696951072,
        0.7413245610916523,
        -0.11326499992859798
      ],
      [
        -0.7197811384004736,
        0.585251671215396,
        -0.3733571937736088
      ]
    ],
    "t": [
      0.043108605619624436,
      -0.2833091378238456,
      -2.7047025514517467
    ],
    "center": [
      -1.75030522808261,
      1.7787941317042515,
      -1.0816012929188585
    ]
  },
  "10": {
    "R": [
      [
        0.37284449777603357,
        0.16306320745681946,
        -0.9134535406095
      ],
      [
        0.5911103901736867,
        0.7170901217104654,
        0.3692834466557925
      ],
      [
        0.7152450538849248,
        -0.6776371800005988,
        0.17097475010651986
      ]
    ],
    "t": [
      0.04862612739950566,
      -0.1472709063369731,
      -0.5856445281367065
    ],
    "center": [
      0.4878027309415685,
      -0.29917712667971585,
      0.19893284297287103
    ]
  },
  "11": {
    "R": [
      [
        0.26591792507252565,
        0.15072015495180724,
        -0.9521402690866646
      ],
      [
        -0.6853839771860257,
        -0.6650016890800132,
        -0.29668427214362914
      ],
      [
        -0.6778911866529821,
        0.7314753505156772,
        -0.07353469008691804
      ]
    ],
    "t": [
      0.0902662169416609,
      0.14418476073282624,
      0.4191673656621347
    ],
    "center": [
      0.358968382562316,
      -0.22433242449987661,
      0.15954679320900506
    ]
  },
  "12": {
    "R": [
      [
        0.27347635144339055,
        0.034101582292890426,
        -0.9612740333985583
      ],
      [
        -0.37160779463428106,
        -0.9180327753224717,
        -0.13828763647111025
      ],
      [
        -0.8871968959415137,
        0.3950353218622877,
        -0.2383878401112388
      ]
    ],
    "t": [
      0.1444479507325815,
      0.3056745642750145,
      -1.480482236455537
    ],
    "center": [
      -1.2393912925136907,
      0.8605361416975449,
      -0.17180388543189873
    ]
  },
  "13": {
    "R": [
      [
        0.5540100634690852,
        0.21487668794566545,
        -0.8043014724296365
      ],
      [
        0.47367847487713194,
        0.7131293751664687,
        0.5167931856291801
      ],
      [
        0.6846178145601052,
        -0.6672889203727146,
        0.29329838856489215
      ]
    ],
    "t": [
      0.003646416113608465,
      -0.13506141521013854,
      -0.3847630975554588
    ],
    "center": [
      0.32537120492074534,
      -0.16121541914650234,
      0.18558203336355178
    ]
  },
  "14": {
    "R": [
      [
        -0.03664837827382117,
        -0.4100534184806507,
        -0.9113249093282982
      ],
      [
        0.7840729574356423,
        0.5536045840800539,
        -0.28062708690302085
      ],
      [
        0.6195857436933359,
        -0.7248297444765098,
        0.3012230863232317
      ]
    ],
    "t": [
      0.09627979883768009,
      -0.10156588248927585,
      -0.5334178227130231
    ],
    "center": [
      0.41366163873078654,
      -0.29092990536007746,
      0.21991780407163083
    ]
  },
  "15": {
    "R": [
      [
        -0.7184658832999982,
        -0.0065995777450832405,
        0.6955308908363023
      ],
      [
        -0.5383404025799294,
        -0.6279245389948549,
        -0.5620501617099478
      ],
      [
        0.4404502077239072,
        -0.7782462456714363,
        0.4475895392145369
      ]
    ],
    "t": [
      0.16362080360479947,
      0.5574716144478004,
      -2.509881409179613
    ],
    "center": [
      1.5231432465724233,
      -1.6021758490556124,
      1.3229203511763297
    ]
  },
  "16": {
    "R": [
      [
        0.1953496711471428,
        0.06596774759601626,
        -0.9785125253464114
      ],
      [
        0.4933088584685155,
        0.8557197204673627,
        0.1561733977338933
      ],
      [
        0.847634871946166,
        -0.5132173187650306,
        0.13462209172509434
      ]
    ],
    "t": [
      0.09686596767205148,
      -0.046214188864349665,
      -0.4332388123004566
    ],
    "center": [
      0.37110345901004227,
      -0.18918929856319328,
      0.1603255046737473
    ]
  },
  "17": {
    "R": [
      [
        -0.7521964254083133,
        -0.56770506212649,
        -0.33453176237677906
      ],
      [
        -0.6411022901039077,
        0.5131858128999429,
        0.5706383925585002
      ],
      [
        -0.15227734968300574,
        0.6437012380554991,
        -0.749973549466471
      ]
    ],
    "t": [
      0.10534979001786894,
      0.008765987766408228,
      1.1686943968531778
    ],
    "center": [
      0.2628293156432054,
      -0.6969810016335835,
      0.9067305268020448
    ]
  },
  "18": {
    "R": [
      [
        -0.4358633910297473,
        -0.45480335098791314,
        -0.7766447169009871
      ],
      [
        0.48787694796486514,
        0.6057461651564156,
        -0.6285281752179328
      ],
      [
        0.7563062792311972,
        -0.6528594759429178,
        -0.04213450684416431
      ]
    ],
    "t": [
      0.18072561007913895,
      -0.16045493561768176,
      -1.2552150951593266
    ],
    "center": [
      1.1063809997848504,
      -0.6400894942172,
      -0.01337872662971036
    ]
  },
  "19": {
    "R": [
      [
        -0.04222293116252741,
        -0.5480099645287192,
        -0.8354054721279222
      ],
      [
        0.31542844282581395,
        0.7860751996188461,
        -0.531592586480167
      ],
      [
        0.9480095577263591,
        -0.28595604438693645,
        0.13966753072224694
      ]
    ],
    "t": [
      0.10508984657800767,
      -0.21736680867510388,
      -1.488722942668636
    ],
    "center": [
      1.484324453796726,
      -0.19725238325826674,
      0.18016830618989893
    ]
  },
  "20": {
    "R": [
      [
        -0.6689103627446976,
        -0.46957196545969204,
        0.5762474259092866
      ],
      [
        0.4614186533042318,
        0.3454883346565496,
        0.8171478672793269
      ],
      [
        -0.5827964936370723,
        0.8124899875509637,
        -0.014431463327342131
      ]
    ],
    "t": [
      0.11786756423304719,
      -0.0192905151102289,
      1.7449513293910577
    ],
    "center": [
      1.1046953549871246,
      -1.3557435321530196,
      -0.026975476088343813
    ]
  },
  "21": {
    "R": [
      [
        0.749142348074449,
        0.6448046883426232,
        0.15169922944060546
      ],
      [
        -0.36644815109922735,
        0.21263867287553265,
        0.9058148526899358
      ],
      [
        0.5518165409603619,
        -0.7341741678165371,
        0.3955841205526789
      ]
    ],
    "t": [
      -0.1115559692727935,
      -0.1997192157810792,
      -1.960158054675188
    ],
    "center": [
      1.0920322008672316,
      -1.3246975675889048,
      0.9732389868032044
    ]
  },
  "22": {
    "R": [
      [
        0.2604181265473513,
        0.17690070173131833,
        -0.9491514847970977
      ],
      [
        0.6438043374464196,
        0.7007937223657972,
        0.3072525569915847
      ],
      [
        0.7195125950605343,
        -0.6910819780747126,
        0.06860994920270741
      ]
    ],
    "t": [
      0.08866093595264961,
      -0.1389573544451521,
      -0.47791320488429256
    ],
    "center": [
      0.4102370029331389,
      -0.2485809430939199,
      0.15963726217943108
    ]
  },
  "23": {
    "R": [
      [
        0.698464058595981,
        -0.5486423099164803,
        -0.45949926509096706
      ],
      [
        0.5029593231878291,
        0.8330937295754993,
        -0.2301885248235147
      ],
      [
        0.509097120467275,
        -0.07033102808500381,
        0.857830792417966
      ]
    ],
    "t": [
      0.07712547847910473,
      0.1874901970350869,
      1.6673060791526157
    ],
    "center": [
      -0.9969900411589716,
      0.003380743838564265,
      -1.3516693025274658
    ]
  },
  "24": {
    "R": [
      [
        0.5330437420554811,
        -0.17023085494576654,
        -0.8287857534248054
      ],
      [
        -0.6422381910358189,
        -0.7191063464822433,
        -0.26536044999961605
      ],
      [
        -0.5508125588896172,
        0.6737265902971272,
        -0.4926438942035907
      ]
    ],
    "t": [
      -0.12088083453585535,
      0.15137124857395765,
      1.8224472146226562
    ],
    "center": [
      1.1654779829703144,
      -1.1395567701893414,
      0.8378011219053635
    ]
  }
}