{
  "0": {
    "R": [
      [
        0.7359966319594544,
        -0.24966058627346882,
        0.6292682650554746
      ],
      [
        -0.47340132275363384,
        0.4746630833795785,
        0.7420149222837105
      ],
      [
        -0.48394229548516315,
        -0.8440169127086132,
        0.23116077890155168
      ]
    ],
    "t": [
      -0.26347537471015525,
      -0.12941040602376438,
      0.31811904787244694
    ],
    "center": [
      0.2866051932661411,
      0.2641447824849901,
      0.1882844974075126
    ]
  },
  "1": {
    "R": [
      [
        -0.8555391623559404,
        0.11097247734117897,
        -0.5057053004943269
      ],
      [
        -0.24646949722651917,
        0.7716825371552961,
        0.5863095161998244
      ],
      [
        0.4553081688397462,
        0.626251683528537,
        -0.6328533007462871
      ]
    ],
    "t": [
      0.3111056658102149,
      -0.24358942136349504,
      -0.17675791322720633
    ],
    "center": [
      0.28660504031771306,
      0.26414447698766486,
      0.18828475118620502
    ]
  },
  "2": {
    "R": [
      [
        -0.8621053794960184,
        0.0690977013682998,
        -0.5019958389365825
      ],
      [
        -0.2796536230265044,
        0.7612568076047445,
        0.58504865097151
      ],
      [
        0.42257326675048407,
        0.6447585443722721,
        -0.6369601664835668
      ]
    ],
    "t": [
      0.32335004654661975,
      -0.23108712166737946,
      -0.17149041068917456
    ],
    "center": [
      0.2866047268403862,
      0.26414380713512964,
      0.18828502613183107
    ]
  },
  "3": {
    "R": [
      [
        -0.28968114276493834,
        -0.7999168484229057,
        0.5255643358672332
      ],
      [
        -0.2909640636829781,
        0.596718872832407,
        0.7478412267658896
      ],
      [
        -0.9118249553348975,
        0.06371516628550083,
        -0.40560526181710665
      ]
    ],
    "t": [
      0.19536385158558356,
      -0.21503463028281683,
      0.3208727301734015
    ],
    "center": [
      0.2866056367811649,
      0.26414559929891523,
      0.18828315652876165
    ]
  },
  "4": {
    "R": [
      [
        0.885989850858917,
        -0.41619602129051536,
        -0.2044574675499508
      ],
      [
        -0.10529160722337008,
        0.24883794918527588,
        -0.9628049400026912
      ],
      [
        0.4515923622287182,
        0.8745630605663672,
        0.17664594948505102
      ]
    ],
    "t": [
      -0.10549749955715451,
      0.14572795953036927,
      -0.39369996350227643
    ],
    "center": [
      0.2866055415023199,
      0.26414515886514034,
      0.1882833516051335
    ]
  },
  "5": {
    "R": [
      [
        0.21909129514512266,
        0.6523573411280763,
        0.7255542046380405
      ],
      [
        0.06034848513925639,
        0.7331369410327743,
        -0.677398173923213
      ],
      [
        -0.9738362617673619,
        0.19219814039010155,
        0.12125514462305141
      ]
    ],
    "t": [
      -0.3717177989322524,
      -0.08340783426896287,
      0.20548741581200067
    ],
    "center": [
      0.2865847672980337,
      0.26414790024290696,
      0.18828469100690678
    ]
  },
  "6": {
    "R": [
      [
        0.9564591837638879,
        0.26162874816399123,
        0.12936857395774082
      ],
      [
        0.291506811076282,
        -0.8343273959486891,
        -0.46789055928242046
      ],
      [
        -0.014477875875052115,
        0.4852300428700002,
        -0.8742666621840983
      ]
    ],
    "t": [
      -0.3676122931194805,
      0.22491781156242413,
      0.04063546734980746
    ],
    "center": [
      0.2866293950682264,
      0.2641154865177096,
      0.18832063318092998
    ]
  },
  "7": {
    "R": [
      [
        1.0,
        0.0,
        0.0
      ],
      [
        0.0,
        1.0,
        0.0
      ],
      [
        0.0,
        0.0,
        1.0
      ]
    ],
    "t": [
      -0.28660518434099325,
      -0.2641447628076061,
      -0.18828449808455172
    ],
    "center": [
      0.28660518434099325,
      0.2641447628076061,
      0.18828449808455172
    ]
  },
  "8": {
    "R": [
      [
        0.9733046980727075,
        0.005503657456721073,
        0.22945081055466926
      ],
      [
        -0.005823108820450035,
        0.9999827898193667,
        0.0007151704286999672
      ],
      [
        -0.22944292561170998,
        -0.002032195776976671,
        0.9733199957193233
      ]
    ],
    "t": [
      -0.32360996566732525,
      -0.2626059391011897,
      -0.11696474096274839
    ],
    "center": [
      0.2866051846069637,
      0.26414476275351695,
      0.18828449810115666
    ]
  },
  "9": {
    "R": [
      [
        0.41541984992265385,
        0.7573209674724787,
        0.5038762750088445
      ],
      [
        -0.18047607152884038,
        0.611544331965332,
        -0.7703518142034799
      ],
      [
        -0.8915462612202222,
        0.2290818243938718,
        0.39072596770194146
      ]
    ],
    "t": [
      -0.41399345286881045,
      0.035256930560197075,
      0.12155448772557567
    ],
    "center": [
      0.28671557944766835,
      0.2641188223958584,
      0.18826722448479044
    ]
  },
  "10": {
    "R": [
      [
        -0.24319216132377186,
        0.6664015660404939,
        0.7048166608767483
      ],
      [
        0.48230679105365587,
        0.71351498107753,
        -0.5082091410841176
      ],
      [
        -0.8415686139431515,
        0.21634538256387312,
        -0.49493125125525644
      ]
    ],
    "t": [
      -0.23847196489724623,
      -0.2303577232802072,
      0.28338802833061955
    ],
    "center": [
      0.2915990519614969,
      0.26197208602840893,
      0.1912667047737009
    ]
  },
  "11": {
    "R": [
      [
        -0.9149639783629174,
        -0.3518480121323205,
        0.19759527994574477
      ],
      [
        -0.34936727587406274,
        0.9357315211857677,
        0.04846675982263823
      ],
      [
        -0.2019490649808493,
        -0.0246879852945366,
        -0.9790848168240878
      ]
    ],
    "t": [
      0.3200814234961445,
      -0.15261535890465808,
      0.26416566735631686
    ],
    "center": [
      0.29289216996768563,
      0.2619487326327837,
      0.20279078749889706
    ]
  },
  "12": {
    "R": [
      [
        -0.7271134897952826,
        -0.16768203870500276,
        -0.6657241972870294
      ],
      [
        -0.5061595506057837,
        0.7860592298145925,
        0.3548427772321725
      ],
      [
        0.46379788948234424,
        0.5949736306081338,
        -0.656428135131866
      ]
    ],
    "t": [
      0.25178760431006775,
      -0.06472251119778709,
      -0.30353293050899116
    ],
    "center": [
      0.2910961790335985,
      0.2736900757892204,
      -0.008660139136120154
    ]
  },
  "13": {
    "R": [
      [
        -0.33502104952941764,
        -0.009908276039624409,
        -0.9421585442154257
      ],
      [
        0.9420369219045576,
        0.015678562608588242,
        -0.3351426866919746
      ],
      [
        0.01809237797510327,
        -0.9998279895764326,
        0.004081313361506411
      ]
    ],
    "t": [
      0.14784376203119695,
      -0.2916639613940667,
      0.24123227103389225
    ],
    "center": [
      0.31992452731688764,
      0.24722852505310097,
      0.040558675482815304
    ]
  },
  "14": {
    "R": [
      [
        0.6541909079669875,
        0.3960936633052173,
        -0.6443167433978273
      ],
      [
        -0.41115916626744037,
        0.9012711190106262,
        0.1365961567233761
      ],
      [
        0.6348089444294179,
        0.17555677123593671,
        0.7524609120383737
      ]
    ],
    "t": [
      -0.2527191488177291,
      -0.16215816798136548,
      -0.3545455225556185
    ],
    "center": [
      0.32372242120074923,
      0.30849179415189143,
      0.12610065082837052
    ]
  },
  "15": {
    "R": [
      [
        -0.25548418540999135,
        0.2324286714185274,
        -0.9384587064479775
      ],
      [
        0.9453714071435529,
        0.2633526035657727,
        -0.19214137698722566
      ],
      [
        0.20248637870437508,
        -0.9362811110439785,
        -0.28701384555704185
      ]
    ],
    "t": [
      0.0867972085399829,
      -0.35033693520483006,
      0.23103433082875074
    ],
    "center": [
      0.30659253052274626,
      0.2884010641053052,
      0.08045142665684478
    ]
  },
  "16": {
    "R": [
      [
        -0.4820513000935121,
        0.2841733005778685,
        0.8287774606713405
      ],
      [
        0.8294389485706893,
        0.4527371565856019,
        0.3272003937050413
      ],
      [
        -0.28223673515703834,
        0.8451476807549466,
        -0.45394693857589885
      ]
    ],
    "t": [
      -0.004817031257215433,
      -0.41551515377942644,
      -0.10388857684157995
    ],
    "center": [
      0.31300122333798536,
      0.27728921068626966,
      0.09278906743012634
    ]
  },
  "17": {
    "R": [
      [
        -0.0881564434221073,
        -0.2072814501530404,
        0.9743012069712415
      ],
      [
        -0.6567163684803985,
        0.7475295441779406,
        0.09961521947493124
      ],
      [
        -0.7489673242893061,
        -0.6310578269886,
        -0.2020246671655316
      ]
    ],
    "t": [
      0.09762405606374683,
      -0.027844988150478797,
      -0.05159617110894313
    ],
    "center": [
      -0.04832391614258017,
      0.008490439589541099,
      -0.10276515034174993
    ]
  },
  "18": {
    "R": [
      [
        0.8745764454180197,
        0.31515556981590287,
        -0.3685010284029007
      ],
      [
        -0.24481345095057017,
        -0.369000809493248,
        -0.8966073704955813
      ],
      [
        -0.41854798452943803,
        0.874365695465771,
        -0.24556509369005214
      ]
    ],
    "t": [
      -0.33773497443381467,
      0.17063292960232618,
      -0.13497917186936872
    ],
    "center": [
      0.28065302943604564,
      0.2874239049488654,
      -0.004611116062095959
    ]
  },
  "19": {
    "R": [
      [
        0.25842510645547156,
        0.9553667603306498,
        0.14314614074014248
      ],
      [
        0.47653833362176623,
        -0.2549683061900726,
        0.8413693478060367
      ],
      [
        0.8403140370971249,
        -0.14921633990245126,
        -0.5211590956355341
      ]
    ],
    "t": [
      -0.35023181452163554,
      -0.149237966766039,
      -0.16372518242641257
    ],
    "center": [
      0.2992068749668374,
      0.27211840992714226,
      0.0903717153729187
    ]
  },
  "20": {
    "R": [
      [
        0.8835982723701367,
        0.20299155475239286,
        0.42195796208119685
      ],
      [
        0.4557660609323573,
        -0.16618114419294594,
        -0.8744490408348141
      ],
      [
        -0.10738431341082053,
        0.9649757800141566,
        -0.23935403322141252
      ]
    ],
    "t": [
      0.4928423779353114,
      -0.09208431181652155,
      2.003288229317495
    ],
    "center": [
      -0.17838403855491058,
      -2.0484701385236734,
      0.19101331382739822
    ]
  },
  "21": {
    "R": [
      [
        0.5260861839405189,
        0.18680353277107004,
        -0.8296612364158944
      ],
      [
        0.8412174656556515,
        -0.25752444198881297,
        0.47543068606710026
      ],
      [
        -0.12484591520264399,
        -0.9480430380117764,
        -0.2926224453705081
      ]
    ],
    "t": [
      -0.004830530668818003,
      0.1674166396784238,
      -0.9474514597017523
    ],
    "center": [
      -0.2565779704894492,
      -0.8542085233174188,
      -0.3608482749163821
    ]
  },
  "22": {
    "R": [
      [
        0.20079563323382477,
        0.9784089424238157,
        0.04895972895490633
      ],
      [
        0.9171465706943197,
        -0.20531643727806737,
        0.3415952699425018
      ],
      [
        0.3442721039205422,
        -0.023687591024668192,
        -0.938571050317221
      ]
    ],
    "t": [
      0.2254054391547278,
      -0.04754669165169021,
      -3.0141489593545328
    ],
    "center": [
      1.0360342610736837,
      -0.3016987425108562,
      -2.823787018830288
    ]
  },
  "23": {
    "R": [
      [
        0.41246471150675934,
        0.4340992137373633,
        -0.8008937097981532
      ],
      [
        0.3910884012551275,
        -0.878402537560768,
        -0.27469773280919507
      ],
      [
        -0.822753136831063,
        -0.1999171194255423,
        -0.5320812167284612
      ]
    ],
    "t": [
      0.2729381421302885,
      -0.1175354774538751,
      -0.8864904574995818
    ],
    "center": [
      -0.7959733947633513,
      -0.3989503132081428,
      -0.28537720922963106
    ]
  },
  "24": {
    "R": [
      [
        -0.2007296208507453,
        0.26095310332616334,
        -0.9442516069234728
      ],
      [
        0.1929595718807871,
        -0.9344553953895204,
        -0.29926529642943644
      ],
      [
        -0.9604552165159495,
        -0.2422737953057653,
        0.13721947811969248
      ]
    ],
    "t": [
      1.1118872734994412,
      -0.5088134388070912,
      -3.3874343813202623
    ],
    "center": [
      -2.9321098879868046,
      -1.5863004816202246,
      1.3624531180971908
    ]
  }
}